序号   参考坐标   层号   强度    待配准坐标  层号  强度
0->[233, 383]    0    1.86067    [378, 458]    1   0.399397
1->[125, 429]    0    2.42372    [359, 452]    1   0.245277
-------------------------------------------------------
组号 参考点数 待配准点数 参考正确数 待配准正确数
0       571        235        2        0
1       442        274        0        2
2       358        309        0        0
3       260        252        0        0
4       195        226        0        0
5       138        179        0        0
6       107        133        0        0
7       80        96        0        0
